158 193 -0.208547372951
206 210 -0.29823485307
72 205 0.00186500977979
73 193 -0.164046497734
183 203 -0.077902054105
98 203 -0.0163491953418
26 201 -0.0631497146909
27 205 0.00302711979179
121 205 -0.0255046469683
122 197 0.0309439764146
51 195 0.0943035091318
76 201 0.0204992809992
4 203 -0.0314934011581
5 195 0.191357903264
153 202 -0.049106307893
99 207 -0.166535844861
100 199 -0.223669623647
178 194 -0.0705399758551
125 201 -0.0351649947682
54 207 -0.130490547686
131 200 -0.0504894744352
78 193 -0.162870979472
156 192 -0.0751727216787
157 206 -0.160249469314
103 203 -0.177107183346
16 205 -0.041239853199
180 206 -0.1578575911
19 200 -0.127605870952
134 198 -0.115979113243
135 204 -0.0378980841608
158 200 -0.0826377412036
73 202 -0.0666735264559
183 192 -0.0487543273226
98 194 -0.0795511184245
23 204 -0.0390642312705
27 194 -0.13409589699
122 204 -0.14938898879
51 200 -0.00903138473021
146 204 -0.176687484267
76 192 -0.0812664041236
77 206 -0.0330984438099
149 193 -0.161731417031
5 204 -0.0103662021393
6 202 -0.0317889583738
100 206 -0.0348011691488
125 194 -0.0384515796452
54 198 -0.107819817339
55 204 -0.0315361299555
132 193 -0.140031983982
78 200 -0.234944811709
157 199 -0.162770604443
103 192 -0.154836064842
16 196 -0.115906108869
17 202 0.0095323290424
181 193 -0.199055364268
112 200 -0.182661998334
20 193 -0.146710142809
135 197 0.0208169632844
66 204 -0.192354218218
159 195 0.184815340342
23 197 0.162900901619
123 207 -0.0747599833059
52 193 -0.0817151340432
146 199 -0.0635921881239
77 199 -0.103452926279
149 202 0.0143300964066
150 200 -0.175247180922
6 205 -0.0620077892747
101 193 -0.0875134667233
174 194 -0.081889299909
30 199 -0.135155908064
55 197 0.0854088253234
132 200 -0.139530942451
79 195 0.152323675805
157 192 -0.110874214618
17 195 0.250015814478
181 202 0.00734951878739
182 200 -0.0380014115739
112 207 -0.06810495
20 200 0.00881788607698
21 198 -0.113792635951
41 197 0.0785220238193
135 194 -0.211406478393
66 199 -0.111359375188
159 200 -0.0552336740145
144 202 -0.1417303807
147 199 -0.0952401976366
168 192 -0.153952755666
23 194 -0.0350603332509
123 196 -0.0121301134182
32 202 -0.159081135462
52 200 -0.152341487035
77 192 -0.0399815170401
150 195 0.163508531353
6 196 -0.15748485556
171 202 -0.00342179612035
101 202 -0.0901347695605
102 200 -0.0857238785112
174 197 -0.054747389986
30 206 -0.240303093917
31 196 -0.195587822247
196 210 -0.164980701195
126 194 -0.19623668743
55 194 -0.0762092977517
79 200 -0.0402770500223
64 202 -0.0972819030499
88 192 -0.0875430769536
17 196 -0.137678880817
18 202 -0.196041659624
182 195 -0.0538295248
112 198 -0.0376870539876
113 200 -0.0987127718642
21 207 -0.139089256313
41 206 -0.183591849462
42 196 -0.167588355191
144 193 -0.0735899396234
91 202 -0.10697536881
147 204 -0.191914904575
148 198 -0.0905552321752
168 199 -0.0710138519748
45 202 -0.0290337760227
32 193 -0.0175555618329
207 210 0.16589368897
151 200 -0.0659591174281
171 195 -0.000244437584741
102 195 0.0855300658435
174 204 -0.104805804784
175 198 -0.0885413825489
31 205 -0.162843713048
126 197 0.08674138606
64 193 -0.0819444233726
137 192 -0.0515399660544
88 199 -0.0592569945578
162 200 -0.0620717583196
18 197 0.101288904523
113 193 -0.0628952321227
21 200 -0.176724119055
22 206 -0.167550573067
42 207 -0.0424833377015
46 192 -0.12454334079
145 206 -0.0943086625132
91 195 0.0578551854024
148 205 -0.0248292898972
168 206 -0.000876435247477
169 192 -0.0403877096928
8 194 -0.0217221157346
45 195 0.0746297600192
33 206 -0.0584310726219
57 192 -0.231983547574
151 193 -0.222338880603
172 202 -0.148535810251
11 204 0.0129145304059
175 207 -0.0265134938775
31 202 -0.104202380192
126 204 -0.0443932661368
127 198 -0.079531240249
40 194 -0.114104124823
65 206 -0.119388981781
137 201 -0.185800052154
88 206 -0.107124639218
89 192 -0.0536612158029
162 195 0.0334014346468
114 200 -0.0962110730764
22 193 -0.139679529726
187 201 -0.091507048908
43 204 -0.0445606274729
46 203 -0.0938518473286
67 194 -0.119876103374
141 205 -0.150565270388
145 199 -0.16535700997
92 202 -0.073270993862
169 201 -0.0421452365489
116 192 -0.112345425391
8 201 -0.0782980807929
193 211 -0.986673700101
195 211 -1.31232703074
33 199 -0.0933499948404
34 207 -0.0295043696487
70 204 -0.0571758428925
57 201 -0.139708471429
172 193 -0.0614732935026
173 205 -0.196573884348
11 197 0.0240722922923
12 205 -0.101421647165
160 206 -0.068246219837
127 207 -0.053741040823
184 196 -0.0417341210444
40 201 -0.0216676752513
61 205 -0.134097975747
65 199 0.0355977154595
138 192 -0.167872175694
89 201 -0.0980174079309
114 195 0.00679311274954
187 206 -0.104013622876
43 197 0.107378485727
44 205 -0.0782789784606
47 192 -0.0617818510076
67 203 -0.191703583942
141 198 -0.235384270513
92 193 -0.108708839126
93 205 -0.165608535672
170 192 -0.0186273549904
116 207 0.0154419622663
117 199 -0.0268542961221
9 198 -0.0651997410453
34 198 -0.0316614657469
70 199 -0.0418162860417
71 207 -0.0859883411091
58 192 -0.171683429847
95 197 0.118619769988
173 198 -0.156875692012
12 196 -0.0477587170742
160 197 0.0481731259834
161 201 -0.125054753438
36 194 -0.157512158791
184 203 -0.0728804376201
185 195 0.138556169143
61 198 -0.0862392527928
138 203 -0.108173533701
139 203 -0.0232095331971
90 192 -0.13571048227
163 193 -0.0487278366023
187 199 -0.121602448255
188 207 -0.153750638645
44 196 -0.0635623166924
47 201 -0.0270868057901
68 194 -0.0701317391564
93 198 -0.167298524633
166 201 -0.176665956733
170 203 -0.0383736510246
117 192 -0.23919957858
9 207 -0.181366774081
10 199 0.031332297411
34 193 -0.0863590999454
71 196 -0.0995026455906
58 203 -0.0829935655727
59 203 -0.0703417739122
95 194 -0.0440993574955
136 198 -0.123143331586
83 193 -0.0849227178159
12 195 0.0519451107821
13 203 -0.153098892135
161 194 -0.0872606270416
36 201 -0.184940565061
37 197 0.0883922860367
185 196 -0.104684718624
139 192 -0.127691474047
86 201 -0.10060150889
90 203 -0.13002636398
15 199 -0.0213876107257
163 198 -0.0237231223808
115 193 -0.214883389769
188 198 -0.016298103523
44 195 0.18604418618
68 201 -0.1414193309
69 197 0.0606527698841
56 198 -0.0240924226151
166 192 -0.137572541418
117 201 -0.164501386439
118 201 -0.17715285782
10 206 -0.0243899254701
200 208 -0.417491732905
59 192 -0.131055661578
95 203 -0.00983701969923
80 203 -0.0728533373385
136 205 -0.173711285478
83 198 -0.160961681625
104 193 -0.0721031230542
13 196 -0.106274280714
199 210 -0.288128868776
37 206 -0.0643110723
185 205 -0.0463905562334
186 197 0.115321663829
140 201 -0.0396586278321
86 192 -0.117209426911
15 204 -0.0869510245464
163 207 -0.0679865096399
164 199 -0.143892558454
115 198 -0.0418599189121
189 201 -0.123992696527
69 206 -0.0722668087214
142 193 -0.0539234220391
56 205 -0.0846569779661
167 203 -0.158589360712
118 192 -0.0898334160803
10 201 -0.105751318232
191 193 -0.113432718756
35 195 0.149593364637
129 205 -0.105465427918
60 201 -0.207590499895
80 194 -0.0437843924094
83 207 -0.056310865994
84 199 -0.136449588049
104 200 -0.191755512384
38 207 0.0271571837621
186 204 -0.159811551283
62 193 -0.0222767283492
140 192 -0.0766510653745
87 203 -0.0458156225101
108 204 -0.154359573808
0 205 -0.0196853603838
164 206 -0.0739029044671
111 193 -0.113866039174
115 207 -0.0573112110018
24 195 0.161316326633
189 194 -0.293840383986
49 205 -0.102130384478
142 200 -0.130274943166
94 193 0.0123321130546
167 192 0.015731846381
119 203 -0.0413656068203
191 206 -0.144474654692
176 200 -0.232534848681
35 200 -0.0434956581522
201 208 -0.300522708826
129 198 -0.186849947656
130 204 -0.166312798662
60 192 -0.244771098929
81 205 -0.145683020102
154 198 -0.0585983068838
84 206 -0.126799227257
104 207 -0.0293814851309
105 199 -0.108302079663
38 198 -0.166119303144
39 204 -0.119822660426
62 200 -0.0536789822706
87 192 -0.246839559163
108 203 -0.107486283911
0 196 -0.205410863454
1 202 0.00313453620459
165 193 -0.0890980297406
111 206 -0.214597121991
96 200 -0.102454815086
24 202 -0.169661376555
49 198 -0.112675062982
50 204 -0.0020585259626
143 195 0.0122584560539
74 198 -0.126579901117
94 200 -0.120140234969
119 192 -0.0107184900736
28 206 -0.0692659537121
176 207 -0.207139743784
130 199 -0.144828028593
81 198 -0.0370623158357
82 204 -0.106116828282
154 193 -0.179961403754
85 193 -0.102346622399
105 200 -0.113253947612
106 198 -0.0183540286613
14 199 -0.066436709103
39 197 0.0779624221236
204 209 -0.116726054056
63 195 0.134926885711
108 194 -0.109691624249
109 204 -0.0158487726145
1 195 0.127992185516
165 202 -0.139603831357
96 207 -0.0953069052371
25 197 0.0614803157722
190 194 -0.169015908246
120 197 -0.0443291054033
50 199 0.101522529008
143 200 -0.0506679727944
128 202 -0.0956382823598
74 193 -0.0188873787565
3 199 -0.0644464858334
152 192 -0.000432814816792
28 197 0.0772814088215
176 198 -0.0150843385595
177 200 -0.184931824164
202 208 -0.336047814547
82 199 -0.0669675525376
154 200 -0.0457118729759
155 202 -0.0650155808362
85 202 -0.0796398489145
106 193 -0.111425453044
14 206 -0.108413391005
179 192 -0.152557680011
110 194 -0.112318402722
39 194 -0.193839255623
133 196 0.00399691842483
63 200 -0.119003960938
48 202 0.0014523612687
72 192 -0.172328403205
109 197 0.111156937891
1 196 -0.141877875198
2 202 -0.0574504260232
96 198 -0.0489411163695
97 200 0.028832605562
25 206 -0.135387750673
26 196 -0.0577626867342
190 197 -0.0652533919629
120 204 -0.0587203009664
121 194 -0.145052151303
128 193 -0.109941023042
74 200 0.0501347188933
75 202 -0.0141886767613
3 204 -0.027422032902
4 198 -0.10030475866
152 199 -0.105202778804
99 192 -0.185406788327
29 202 -0.108490778224
177 193 -0.203956485756
124 200 -0.0542232227465
53 196 -0.18403099377
7 200 -0.131978612068
155 195 0.0112516498272
106 200 -0.1667867893
107 202 -0.0169611999709
179 201 -0.115786562974
110 197 0.0223490621447
133 205 -0.181576164992
48 193 -0.221460994513
72 199 0.0210035607226
2 197 0.0380228161545
183 205 -0.216789899513
97 193 -0.047721135493
26 207 -0.0744710603111
190 204 -0.172371265623
121 203 -0.186570526622
75 195 0.161011534619
4 205 -0.103097259674
152 206 -0.0368852840188
153 192 -0.229735895634
99 201 -0.0931181895615
29 195 0.21609783848
178 200 -0.0640103270534
124 199 -0.159049866541
125 207 -0.0705316141471
53 205 -0.0405411103778
203 208 -0.588425098235
131 194 -0.0764664348169
7 193 -0.127741017353
156 202 -0.000436143383434
103 205 -0.175162076661
107 195 0.0938523076773
179 206 -0.0327477919964
180 192 -0.173946349161
110 204 -0.154556365737
19 194 -0.174800651191
134 204 -0.0635411366565
158 198 -0.0844087879862
72 206 -0.196103353464
73 192 -0.134266875653
183 202 -0.0968020054921
98 200 -0.0845720828868
27 204 -0.0676914235516
121 204 -0.0416783224139
122 194 -0.0444334499849
51 194 0.0109396484412
76 202 -0.00728627989858
149 199 -0.105135614226
5 194 -0.0560238272267
153 201 -0.197773868612
99 206 -0.150047489087
100 192 -0.0484975787851
178 195 0.139319354902
125 200 -0.0613849915877
54 204 -0.0750314113241
131 203 -0.096297085193
78 198 -0.134759070999
156 193 -0.0676702662806
157 205 0.00552660778862
103 202 -0.0805161423713
16 206 -0.109329978467
180 207 -0.191313623373
181 199 -0.240063871518
19 203 -0.110909850349
134 199 -0.168010934486
135 207 -0.170918926049
158 201 -0.00703145096725
159 197 0.138273863706
73 201 -0.0061610451091
183 195 0.120785129958
98 195 0.00098660277194
23 207 -0.0816411991093
27 197 0.0565985881622
122 205 -0.0245582334452
123 201 -0.177299133049
51 203 -0.126477379193
146 205 -0.0834184320565
76 193 -0.0431016311032
77 205 -0.0395318513268
149 192 -0.142325673133
5 203 -0.171053510173
6 203 -0.122058780627
100 207 0.000520490591189
101 199 -0.0661814151157
125 193 -0.0868177402158
54 199 -0.0525152841908
55 207 -0.0678373868587
132 194 -0.225012154537
78 201 -0.225596779975
79 197 0.0734632260595
157 198 -0.0432033641011
103 195 0.0444776819125
16 197 0.0487096936374
17 201 0.00335939929425
181 192 -0.0751510958701
112 201 -0.181370667826
20 194 -0.0445801674504
41 195 0.169630281101
135 196 -0.0458311851532
66 205 -0.15296450683
159 194 -0.0522607000759
147 193 -0.0640550368544
23 196 -0.123051972623
123 206 -0.0979408230756
52 194 -0.0416760695773
146 196 0.00346633924796
77 198 -0.149679520545
149 201 -0.173167263369
150 201 -0.065275811452
6 194 -0.13028498607
101 192 -0.0554466189471
174 195 0.0861924704743
30 196 -0.094161729654
55 196 -0.0955870372211
132 201 -0.207060876929
79 194 -0.0572989255897
17 194 -0.039704011539
181 201 -0.111199120947
182 201 -0.0957676510478
112 192 -0.136722211643
20 201 -0.203673863167
21 197 -0.0332785360775
41 196 -0.0788705237388
66 196 -0.222997835947
159 203 -0.225073919116
144 203 -0.114388444328
147 198 -0.0449385437745
168 193 -0.0505315703922
123 199 -0.0890834216549
32 203 -0.0661792574205
52 201 -0.0683782715203
150 192 -0.233979273993
6 197 -0.0252580842162
171 205 -0.0513801912374
101 201 -0.125573104263
102 201 -0.0713757482998
174 202 -0.0609434782342
30 207 -0.0738407111395
31 199 -0.0493068683402
196 211 -0.354042840717
126 195 0.0917277344852
79 203 -0.0544787942992
64 203 -0.0140720970335
88 193 -0.0133030094921
162 206 -0.167685907394
18 203 -0.174094102011
182 192 0.0222224065195
112 199 -0.232160559159
113 207 -0.163555609375
21 206 -0.10916949922
41 205 0.030683346765
42 197 0.0298879343499
144 194 -0.0278966459885
91 205 -0.152939237675
147 207 -0.0436101724376
148 199 -0.153269775292
168 200 -0.188866373567
45 201 -0.181636917491
32 194 -0.0278488135188
151 203 -0.0596567395438
171 194 -0.137326778174
172 204 -0.134555359767
102 192 -0.191608720478
174 205 -0.101996305787
175 193 -0.262022270455
31 204 -0.00403794185798
126 202 -0.182090129003
64 194 -0.0517252288346
137 199 -0.23537739635
88 200 -0.0770062044593
162 201 -0.139632924318
18 194 -0.0941482362612
113 192 -0.0843702030211
114 206 -0.179696648055
22 207 -0.00895033514668
42 204 -0.131016980566
46 193 -0.147229609417
145 205 -0.0766317850398
91 194 -0.19525537568
92 204 -0.0184316432887
148 206 -0.176843391894
168 207 -0.015342444159
169 199 -0.0647622256656
8 195 0.0891267652335
45 194 -0.0437926439434
33 205 -0.196700187292
70 202 -0.0345493650799
57 199 -0.0921042902276
151 192 -0.0959460324686
172 203 -0.219159422458
11 207 -0.161570117582
175 206 -0.0700210355005
160 200 -0.108908261776
126 205 -0.232583121089
127 193 -0.130461557812
40 195 0.178656044778
65 205 -0.119316757159
137 200 -0.166258474445
138 198 -0.0992372760489
88 207 -0.0660129026177
89 199 -0.0331679550066
162 192 -0.0980428633976
114 201 -0.0788780330534
22 198 -0.175170216685
187 200 -0.0348072858297
43 207 -0.146710508691
46 200 -0.0126758936821
67 197 0.0660061054863
141 204 -0.0821369570908
145 198 -0.0995704135569
92 203 -0.0485307154377
169 200 -0.00329529253195
170 198 -0.0944403701154
116 193 -0.200847282283
8 202 -0.138546336849
193 210 -0.734171141798
195 210 -1.2380821124
33 198 -0.117172459709
34 204 -0.0187581669005
70 205 -0.0815635821092
57 200 -0.173776926882
58 198 -0.147965908567
192 210 -0.206905560944
172 194 -0.11802189278
173 204 -0.0320221620686
11 196 -0.0629183095358
12 206 -0.18305171551
160 207 -0.15097233182
127 206 -0.0423781109791
36 196 -0.0795498622145
184 197 -0.0441406513028
40 202 -0.105773766055
61 204 -0.0920576552898
65 198 -0.140487277024
138 193 -0.133999283994
89 200 -0.0218573472794
90 198 -0.237640597679
114 192 -0.117310049867
187 193 -0.147910129548
43 196 -0.162084711588
44 206 -0.183089279378
47 195 0.0707048620098
67 202 -0.118661722418
68 196 -0.0781033185144
141 197 0.10980501917
92 194 -0.0469104018428
93 204 -0.224735152493
170 193 -0.128976261522
116 200 0.0180700910613
117 198 -0.180645187446
9 197 0.0170474017754
34 199 0.0095246598909
70 196 -0.156670554153
71 206 -0.135707684164
58 193 -0.100147039263
95 196 -0.181871420225
136 192 -0.0848497660141
173 197 -0.00749226782496
12 197 -0.00740311629283
160 198 -0.0728789962979
161 200 -0.0651301270379
36 195 0.0555478623341
184 204 -0.0014196312229
185 194 -0.130128707453
61 197 0.181079115363
138 200 -0.211448143257
139 202 -0.13574179504
90 193 -0.17980788617
163 192 0.00216924230134
187 198 -0.16099058475
188 200 -0.135123000257
44 197 0.172687794286
47 200 -0.0420048903805
68 195 0.186061139099
56 192 -0.107955755226
93 197 0.034068048754
166 206 -0.0657587007997
170 200 -0.0308637327293
117 207 -0.159287481539
9 206 -0.143999870343
10 196 -0.136480040631
194 210 -0.901865856901
71 199 -0.117098749082
58 200 -0.170173722021
59 202 -0.102544557001
95 205 -0.181632416198
136 199 -0.195274144114
83 192 -0.0619636271123
13 202 0.0147407159235
161 193 -0.170145844809
36 202 -0.169304153655
37 196 0.00526322679812
185 203 -0.0352771623207
139 195 0.152984238691
86 206 -0.0889974555785
90 200 -0.168840193767
15 198 -0.0180221151011
163 201 -0.082453992744
115 192 -0.0977615804646
188 199 -0.206507692587
189 207 -0.0216181073208
68 202 -0.0368052248558
69 196 -0.145077074
56 199 0.00995766024838
166 193 -0.199571716709
167 205 -0.111485342657
117 200 -0.104583003873
118 206 -0.08645528101
10 207 -0.105036177395
200 209 -0.252086565032
129 203 -0.144233328033
59 195 0.27667987671
95 202 -0.222510886057
80 204 -0.152242464165
136 206 -0.183700406767
83 201 -0.114991718994
104 194 -0.0552162367324
13 195 0.226083858605
37 205 -0.136090057527
185 204 -0.116186149352
186 194 -0.236651475795
140 202 -0.0932557762424
86 193 -0.193850116981
87 205 -0.247958433297
15 207 -0.0251794728116
163 206 -0.167667006509
164 192 -0.0150417123797
115 201 -0.101069732973
189 200 -0.134102351205
49 203 -0.125693250411
69 205 -0.108540915328
142 198 -0.198106405231
56 206 -0.21402554355
167 202 -0.164315704962
118 193 -0.096561272676
119 205 -0.0569512724873
191 192 -0.0905436250657
35 194 -0.0324211199334
129 204 -0.156291802427
60 202 -0.0576263318335
80 195 0.226058838157
81 203 -0.186681483186
83 206 -0.184251887545
84 192 -0.253010484793
104 201 -0.0214760801309
38 204 -0.148995728148
186 205 -0.171667795918
62 198 -0.0130521176633
140 193 -0.224736217362
87 202 -0.081738928468
108 205 -0.250659959776
0 206 -0.0659512101906
164 207 -0.0892145317535
165 199 -0.0524939883588
111 192 -0.186910392349
115 206 -0.185731217724
24 196 -0.0330100238563
189 193 -0.0491279805501
49 204 0.0342185858054
142 201 0.00247315776467
143 197 0.0211080069051
94 198 -0.223588726128
167 195 0.116331394297
119 202 -0.163467392151
191 201 -0.040737646817
176 201 -0.0542157701038
35 203 -0.146094423955
129 197 0.0746964117563
130 205 -0.194378480876
60 193 -0.229458998215
81 204 -0.151618328142
154 199 -0.112123682534
84 207 -0.0899113112679
85 199 -0.180416089185
105 198 -0.149658881459
38 199 -0.00915431258522
39 207 -0.00328752121414
62 201 -0.0807379496996
63 197 -0.017335163607
87 195 0.218790547999
108 196 -0.146052866619
0 197 0.0741547675722
1 201 -0.0531056118263
165 192 -0.146076487998
111 201 -0.121962754238
96 201 -0.00892418134268
24 203 -0.198646263572
25 195 0.0864466723511
49 197 0.12973239252
50 205 0.0482789123816
143 194 -0.181991381065
74 199 -0.12188734055
94 201 -0.025581107487
3 193 -0.0353283398482
119 195 0.0365638629907
28 207 -0.0296335178414
176 192 -0.197566136838
130 196 -0.0716800149022
81 197 0.104938269933
82 205 -0.217318689208
154 206 -0.158861539608
85 192 -0.147167778336
105 207 -0.103291057558
106 199 -0.103348260742
14 196 -0.0256403275219
39 196 -0.0287599147737
204 210 0.128689057749
63 194 -0.167965198975
108 195 0.113094537424
109 203 -0.157722034236
1 194 -0.028974704369
165 201 -0.183120354886
96 192 -0.0450939549893
25 196 -0.0672088535351
190 195 -0.036797480591
120 198 -0.0300499680245
50 196 -0.121627868135
143 203 -0.183484049927
128 203 -0.189453257597
74 206 -0.104941813451
3 198 -0.208641390185
152 193 -0.0558927445201
28 198 -0.0198815156183
176 199 -0.120749127329
177 207 -0.0996583842797
202 209 -0.168401812275
82 196 -0.123384174835
154 201 -0.0202958698176
155 205 -0.0350155469735
85 201 -0.0998730692509
106 206 -0.00177030240714
14 207 0.00918762272725
179 195 0.0709834961896
110 195 0.0571048104184
133 195 0.0247660111302
63 203 -0.192120778074
48 203 -0.206173213362
72 193 -0.0479927832399
109 196 -0.108045856404
2 203 -0.180004643916
96 199 -0.0678042776568
97 207 -0.133169790973
25 205 -0.0112193667797
26 197 0.113389932097
190 202 -0.174761909277
120 205 -0.0438855309754
121 193 -0.0961884513102
128 194 -0.170467096297
74 201 -0.022727626475
75 205 -0.138520024118
3 207 -0.0584464984714
4 199 -0.0193688246535
152 200 -0.171099637231
99 195 0.0787865136538
29 201 -0.0514693398846
177 192 -0.145948771826
178 206 -0.152880066948
124 201 -0.083320053982
53 195 0.178055924947
7 203 -0.134543965656
155 194 0.0113101855959
156 204 -0.159558792404
106 201 -0.0572406158474
107 205 -0.0668163598235
179 200 -0.0995033050901
110 202 0.023648007288
133 204 -0.119253548646
134 202 -0.131113079606
48 194 -0.0655144477317
72 200 -0.0187139005738
2 194 -0.170970799564
183 204 -0.0156966785929
97 192 -0.0572609208472
98 206 -0.121432094362
26 204 -0.0815477484954
190 205 -0.209973574321
121 202 -0.033161510635
75 194 -0.0396620520194
76 204 -0.129079716357
4 206 -0.105631694652
152 207 -0.15549797827
153 199 -0.174021525908
99 200 -0.126910188777
29 194 -0.0115113652427
178 201 -0.0712058487581
124 192 0.02394915113
125 206 0.0147306249141
53 204 -0.142597096803
54 202 -0.0499080201176
203 211 -0.585469632878
131 197 -0.090954064018
7 192 -0.166996085003
156 203 -0.0494122689749
103 204 -0.196350979654
107 194 -0.134255060176
16 200 0.0269346195247
180 193 -0.121303117408
110 205 -0.189505064073
19 197 0.021435149039
206 209 -0.437039449193
134 205 -0.112647976699
158 199 -0.262721902487
72 207 -0.0310123391044
73 199 0.0239406668693
183 197 0.00364318758694
98 201 -0.114538878007
27 207 -0.122099072592
122 195 0.0438408810458
51 197 0.0711183729175
76 203 -0.0250150081762
149 198 -0.070199134329
5 193 -0.121104858401
153 200 -0.0477892113272
100 193 -0.0823043053843
178 192 -0.0600819592997
125 199 -0.218777988299
54 205 -0.110820018986
131 202 -0.136978288308
132 196 -0.126485422823
78 199 -0.0264881996085
156 194 -0.0313894897915
157 204 -0.0137921786253
103 197 -0.0831388305671
16 207 -0.0104243196367
180 200 -0.119215525955
181 198 -0.122491490646
19 202 -0.125886775153
20 196 -0.0809895097352
134 196 -0.144827108838
135 206 -0.113801563434
158 206 0.0310950996073
159 196 -0.0560153418636
73 200 -0.0505427847334
183 194 -0.237724590164
98 192 0.014722935279
23 206 -0.0756340473972
27 196 -0.1562224443
122 202 -0.00699595572553
123 200 -0.0666126841684
51 202 -0.190465637098
52 196 -0.153076419522
146 202 -0.0327927474857
76 194 -0.0434306274694
77 204 -0.0319583618193
149 207 -0.117882728882
5 202 -0.0218493912212
6 200 -0.0654107127344
100 200 -0.157193775866
101 198 -0.0568817329041
30 194 -0.119146709213
125 192 0.0431261702987
54 196 -0.154715953946
55 206 -0.13690898096
132 195 0.142936716479
78 206 -0.0723926303068
79 196 -0.162965439515
157 197 0.127603684121
103 194 -0.192037380814
16 198 -0.0427564724903
17 200 -0.0254555472901
181 207 -0.157928652831
112 202 -0.101861643768
20 195 0.0953240121651
41 194 -0.0869270500768
135 199 -0.166065253812
66 202 -0.047759743978
159 205 -0.154989883596
147 192 -0.0793012720739
23 199 0.0437379821084
123 193 -0.0968770766569
52 195 0.140121887198
146 197 0.0506199803996
77 197 0.117274326838
149 200 -0.143374381054
150 206 -0.230962240581
6 195 0.0875484611371
101 207 -0.145826303076
174 192 -0.174439972741
30 197 0.127762420264
55 199 -0.022362694802
132 202 -0.0251101907179
79 205 -0.0127022174208
17 193 -0.130610457994
181 200 -0.116091790907
182 206 -0.0646529058251
112 193 -0.122304222215
20 202 -0.0738052746707
21 196 -0.116969146768
41 203 0.0241339867676
66 197 0.0189126243862
159 202 -0.0873385847346
144 204 -0.180992420632
147 201 -0.0655527964301
168 194 0.0178847919342
45 207 -0.134567229215
123 198 -0.0612688989011
32 204 -0.110804345826
52 202 -0.0693406750814
150 193 -0.0559710627169
151 205 -0.132298677311
171 204 -0.101755362878
101 200 -0.0745888762527
102 206 -0.00984453881561
174 203 -0.153262702072
30 204 -0.169572760229
31 198 -0.0214633376699
126 192 -0.172631090694
79 202 -0.116970094914
64 204 -0.0295090411795
88 194 -0.160807705353
162 207 -0.0443131249343
18 200 -0.152391875268
182 193 -0.102600839266
113 206 -0.166763619023
21 205 -0.0501166879078
41 204 -0.133904391879
42 194 -0.118687017173
144 195 0.201534020437
145 203 -0.159926558874
91 204 -0.0859740749704
147 206 -0.137455738394
148 192 -0.144003084517
168 201 -0.0391331455703
45 200 -0.17348232454
32 195 0.0814532786365
33 203 -0.104313424108
151 202 -0.117263187709
171 197 0.00156116762693
172 205 -0.0288986035117
102 193 -0.260423975325
11 201 -0.185586978453
175 192 -0.207692998832
31 207 -0.131698757714
197 211 -1.22299519921
126 203 -0.0399129934566
64 195 0.105654831722
65 203 -0.0793679500982
137 198 -0.130060731444
88 201 -0.0907203798716
162 198 -0.0128878892451
18 195 0.212183579816
113 199 -0.253680770942
114 207 -0.171492952809
22 204 -0.169114239847
42 205 -0.205439357426
43 201 -0.0884630165073
46 198 -0.149567869147
145 204 -0.0640184085674
91 197 0.0337700634191
92 205 -0.129686637884
148 207 -0.016608001653
169 198 -0.0806485152526
8 196 -0.165380831967
45 193 -0.156421540747
33 204 -0.196431302783
70 203 -0.0842298901542
57 198 -0.0552798166525
151 195 0.152597671211
172 196 -0.111469765621
11 206 -0.226407979521
175 201 -0.0557070100389
160 201 -0.11468871218
127 192 -0.0308197083038
40 196 -0.1874626534
65 204 -0.15973499385
137 207 -0.0989514776907
138 199 -0.186583598807
89 198 -0.0355939387751
162 193 0.0326313790576
114 198 -0.162424707758
22 199 -0.105275150307
187 203 0.045108061823
43 206 -0.0333853948772
46 201 -0.0470216243512
47 197 -0.00634013117372
67 196 -0.14661128181
141 203 -0.171225572025
145 197 -0.0200360103382
92 196 -0.0480782479241
169 207 0.0216389229642
170 199 -0.0732005136243
116 194 0.0179906147027
8 203 -0.025719095735
9 195 0.0501985089515
193 209 -0.536233494865
33 197 0.0355344799066
34 205 -0.167251303615
70 194 -0.0781092136896
57 207 -0.035438476228
58 199 -0.141726681475
172 195 0.0317351598046
173 203 -0.0320675642132
11 199 -0.0948880787047
12 207 -0.0840956901938
160 192 0.00152223679713
127 201 0.00724928470638
36 197 0.0874956071202
184 198 -0.147976933949
40 203 -0.0449131889652
61 203 -0.0183536720549
65 197 0.0341651297327
138 206 -0.0625809306239
89 207 -0.12341867125
90 199 -0.058139684489
114 193 -0.0569182945029
187 192 0.0092990144611
43 199 -0.0461973145448
44 207 -0.0799781950618
47 194 -0.101005685694
67 205 -0.0628241922845
68 197 0.186604745642
141 196 -0.14531476108
92 195 0.0851859269454
93 203 -0.086429272788
170 206 -0.0864023593566
116 201 -0.0398361029713
117 197 0.0831015722935
9 196 -0.0938103543519
34 196 -0.191991402723
70 197 0.0490689590046
71 201 -0.123793552292
58 206 -0.133222785239
95 199 -0.144700703477
136 193 -0.122151126681
173 196 -0.118571457451
12 198 -0.0368069247942
160 199 -0.198880151835
161 207 0.028743237423
36 204 0.00830598392573
184 205 -0.0633290022153
185 193 -0.020024290164
61 196 -0.0889327508248
138 201 -0.0372211791044
139 205 -0.0690801449253
90 206 -0.0534182895725
163 195 0.0453377368085
188 201 -0.107117447158
44 198 -0.0768927791195
47 203 -0.121583005328
68 204 -0.11955806236
56 193 -0.19751929948
93 196 -0.13048113884
166 207 -0.14541559023
170 201 0.0517066188454
117 206 -0.0322070861626
9 205 -0.0296153600999
10 197 -0.0172001867954
194 211 -0.896771899457
71 198 -0.118133676584
58 201 -0.0821201708947
59 205 -0.118440925321
95 204 -0.118113682721
136 200 -0.103625292833
83 195 0.150192229026
13 201 -0.0160910376218
161 192 -0.129720823559
36 203 -0.140946864582
37 195 0.0941946631375
185 202 -0.0294176837377
139 194 -0.0895054355649
140 204 -0.179348015139
86 207 -0.149644506233
90 201 -0.150859825285
15 193 -0.0316654284709
163 200 -0.0283845262666
115 195 0.151909290418
188 192 -0.00538672174492
189 206 -0.103623567903
68 203 -0.0915042032347
69 195 0.074877255098
56 200 -0.0797976359143
166 198 -0.185544074969
167 204 -0.063436310672
118 207 -0.0255172090587
10 204 -0.0764239416743
200 210 0.158312354658
129 202 -0.142470647766
59 194 -0.0834652980173
60 204 -0.147025046891
80 205 -0.196939963337
136 207 0.0086628421692
83 200 -0.200766515477
104 195 0.0386522027619
13 194 -0.121258506168
37 204 -0.00667838943705
38 202 0.0112554016889
186 195 0.128441734523
140 203 -0.11793152353
86 198 -0.039868096806
87 204 -0.0569403994201
15 206 -0.0976861211201
0 200 -0.106815975178
164 193 -0.0718935072977
115 200 -0.159294756998
189 199 -0.130968165737
49 202 -0.0762659397428
69 204 -0.0163690490386
142 199 -0.0413023104377
56 207 -0.0370883097882
167 197 -0.0547405831725
118 198 -0.153993224435
119 204 -0.0772913050619
191 195 0.0059471892117
35 197 0.0440338566813
129 195 0.110872047745
60 203 -0.194817516363
80 196 -0.175929652595
81 202 -0.12533804358
84 193 -0.0927530440949
104 202 -0.0820673835031
38 205 -0.0152302576991
186 202 -0.137747344758
62 199 -0.0610910233086
140 194 -0.132685087699
87 197 0.0740713154699
108 206 -0.0464993642218
0 207 -0.111171915458
164 200 -0.0242479135055
165 198 -0.230544150644
111 195 0.184415969364
24 197 0.11942309146
189 192 -0.126111223609
49 195 0.211454058172
142 206 -0.144308214808
143 196 -0.0061253276043
94 199 -0.204735024333
167 194 -0.202134720899
119 197 0.00368586374622
191 200 -0.155572978989
176 202 -0.0516204240621
35 202 -0.0515695195632
129 196 -0.165381953424
130 202 -0.00731334155793
60 194 -0.217150692357
81 195 0.0331034506459
154 196 -0.0416226173388
84 200 -0.0754344850554
85 198 -0.160636328527
105 197 0.110991882832
14 194 -0.0882457867909
38 196 -0.108285960531
39 206 -0.12580057248
62 206 -0.0579158163114
63 196 -0.138747408508
87 194 -0.101936085867
108 197 -0.0518208624807
0 198 -0.166497959287
1 200 -0.00524375148292
165 207 -0.134343842636
111 200 -0.0964632890312
96 202 -0.00514968431733
24 204 -0.181475049707
25 194 -0.108614243952
120 192 -0.0347327644681
49 196 -0.122593417224
50 202 -0.149405131213
143 205 -0.0277446348692
74 196 0.0184408481489
94 206 -0.115784606496
3 192 -0.288701226933
119 194 -0.103178937694
28 200 -0.14534745411
176 193 -0.228105526508
130 197 0.0894137514767
81 196 -0.0786104173559
82 202 -0.0177980401736
154 207 -0.057849028133
85 207 -0.0406780989738
105 206 -0.200235479405
106 196 -0.0560836921718
14 197 0.00762498730374
39 199 0.032280509558
204 211 -0.498718226894
63 205 -0.162978633776
109 202 -0.106158712951
1 193 -0.111085893355
165 200 -0.0237549791854
96 193 -0.111028920715
25 203 -0.194257696606
190 192 -0.132027803792
120 199 -0.120321362343
50 197 0.0302077737909
143 202 -0.0896831413801
128 204 -0.0111734763966
74 207 -0.123065177893
3 201 -0.209608990327
152 194 -0.151667249038
28 199 -0.117851098796
29 207 -0.106162900925
177 206 -0.0566705732189
82 197 0.169409183184
7 205 -0.103034613992
155 204 -0.158526292858
85 200 -0.144861147418
106 207 -0.0818841837308
14 204 -0.123867967301
179 194 -0.148086004947
110 192 -0.0190943768437
133 194 -0.193095740784
63 202 -0.118317873258
48 204 -0.0425454318866
72 194 -0.0981418440682
109 195 0.162764878336
2 200 0.0226116571055
97 206 -0.0500816235734
25 204 -0.0346195018842
26 194 0.0457590103114
190 203 0.000393736407061
120 206 -0.153059468832
121 192 -0.129537448205
128 195 -0.0506037085712
75 204 -0.0602782558778
3 206 -0.233363209723
4 192 -0.0793731046078
152 201 -0.063393838112
99 194 0.0143414220949
29 200 -0.145136673273
177 199 -0.192858630089
178 207 -0.166362718364
124 202 -0.0338842941963
53 194 -0.0431059384751
7 202 -0.164164533509
155 197 -0.0238201894796
156 205 -0.148230521113
107 204 -0.15865133494
179 203 -0.0420476342407
110 203 -0.0503566202634
133 203 -0.111645789872
134 203 -0.0339791229884
48 195 0.204261486392
72 201 -0.0186473003215
2 195 0.0997370721293
183 207 -0.0798637583358
97 199 -0.150482846249
98 207 -0.0715283873276
26 205 0.0607642811303
27 201 -0.171131677711
121 201 0.0129391704856
75 197 0.0904856286246
76 205 -0.162525260679
4 207 -0.147573920758
5 199 0.0145414622725
153 198 -0.02061080565
99 203 -0.0947457095562
29 193 -0.184977883329
178 198 -0.0993684300288
124 193 -0.173695023342
125 205 -0.0704364621864
53 203 -0.131881119306
54 203 -0.0965207662301
203 210 0.101449523237
131 196 -0.0472166858041
7 195 0.216861695961
156 196 -0.147102208204
103 207 -0.0177495392105
107 197 -0.000998752185935
16 201 0.0229492949758
180 194 -0.217466541221
19 196 -0.112264070831
134 194 0.00950840638289
158 196 -0.160021943859
73 198 -0.032610800058
183 196 -0.0763631130902
98 198 0.0111106126005
27 206 -0.0889932318595
122 192 0.0030034155135
51 196 -0.0370222665174
76 196 -0.0281026000462
149 197 -0.0488147797993
5 192 -0.148416423963
153 207 -0.0889361824382
100 194 -0.0112727380409
178 193 -0.176102999466
125 198 -0.131088471769
54 194 -0.188031101483
131 205 -0.070356793719
132 197 0.0133131790648
78 196 -0.100168222549
156 195 0.125044993709
157 203 -0.078799351699
103 196 -0.0735223899797
16 192 -0.18321705019
180 201 -0.190045581643
181 197 -0.0279994811356
19 205 -0.173893275097
20 197 0.0689437964967
134 197 0.0123667192993
135 201 -0.0723756555979
158 207 -0.0650520040168
159 199 -0.159790996314
73 207 -0.0558169335438
98 193 -0.0200625511426
23 201 -0.202288854661
27 199 -0.0941548282618
122 203 -0.137612372008
123 203 -0.0987893157627
51 205 0.0115362692317
52 197 0.169351199282
146 203 -0.102423417782
76 195 0.227372202017
77 203 -0.113085231956
149 206 -0.0668895226782
5 201 -0.173660392864
6 201 -0.159602835487
100 201 -0.138778882962
101 197 0.0221108295656
30 195 0.196201484295
54 197 0.0155931161696
55 201 -0.0410449784532
132 204 -0.189515165196
78 207 -0.0450508674833
79 199 -0.0239281918505
157 196 -0.0239568325132
16 199 -0.0412542300254
17 207 0.0347717722847
181 206 -0.0895522478958
112 203 -0.0359335535561
20 204 -0.126776859215
41 193 -0.112664798975
135 198 -0.19740088695
66 203 -0.152497353819
159 204 -0.0218917111262
147 195 0.0835434147664
23 198 -0.15842126395
123 192 -0.145191266309
52 204 -0.133214921375
146 194 -0.0728089598728
77 196 -0.0576501820019
150 207 -0.0986668313922
6 192 -0.206653420655
101 206 0.0132181067123
174 193 -0.263617869202
30 202 -0.114340514886
55 198 -0.108790812588
132 203 -0.0719210254957
79 204 -0.0428332647266
17 192 0.0139306666096
18 206 -0.176432327433
182 207 -0.110651022426
112 194 -0.118814584768
20 203 -0.155112862309
21 195 0.163361765273
41 202 -0.0672306691822
66 194 -0.0834379369499
144 205 0.0373979132226
147 200 -0.216860620534
168 195 0.0864310620865
45 206 -0.0774173985541
32 205 -0.0668252696258
52 203 -0.126123483082
150 198 -0.0263332623024
151 204 -0.0856741007219
171 207 -0.119252816378
102 207 -0.206851650448
174 200 -0.224518666886
30 205 -0.152770796928
31 193 -0.092635288909
126 193 -0.154615980546
64 205 -0.194799434426
88 195 0.175399235279
162 204 -0.0954422029958
18 201 -0.204251028984
182 198 -0.157749572658
113 205 -0.256724055367
21 204 -0.15464578015
22 202 -0.0960387597195
42 195 0.0385823373024
144 196 -0.201287605929
145 202 -0.177755203221
91 207 -0.104405600758
148 193 -0.0374454725445
168 202 -0.0421627561605
45 199 -0.115232049431
32 196 -0.127036395893
33 202 -0.024456623192
151 197 0.107287705759
171 196 -0.106643547738
172 206 -0.00104136446731
102 198 -0.0393728220592
11 200 -0.108764509737
175 195 0.135552912862
31 206 -0.155479773079
197 210 -1.23836979111
126 200 -0.0549937078
64 196 -0.106852481551
65 202 -0.186704390448
137 197 0.0794123684618
88 202 -0.184175139899
162 199 -0.0164430460679
18 192 -0.0608711761481
113 198 -0.11507602967
114 204 -0.0561115948021
22 205 -0.158706791575
42 202 -0.18131766798
43 200 -0.0857223581713
46 199 -0.10824286427
145 195 0.063991313732
91 196 -0.101026412793
92 206 -0.0578170163691
148 200 -0.119688596511
169 197 0.110268983444
116 196 -0.141804479604
8 197 0.0886724456896
45 192 -0.192034064841
33 195 0.0922460158629
70 200 -0.0446752423111
57 197 0.13230601923
151 194 -0.109165929833
172 197 0.0283555357135
11 193 -0.051165109041
175 200 -0.148181315561
160 202 -0.145916400555
127 195 -0.00140113358352
184 192 0.0291647954067
40 197 0.150851112666
65 195 0.25564906695
137 206 -0.135321542739
138 196 -0.200936449911
89 197 0.141773867394
114 199 -0.245215852508
22 196 -0.0506847385023
187 202 -0.0277946137564
43 193 -0.103945530811
46 206 -0.0421960439376
47 196 -0.237490098151
67 199 -0.0476699851473
141 202 -0.107420144154
145 196 -0.175381155741
92 197 0.0183965557892
169 206 -0.13875899303
170 196 0.0463666882836
116 195 0.0810664806702
8 204 -0.129309833048
9 194 -0.0395524138198
193 208 -0.815815163487
33 196 -0.203429004693
34 202 0.0119091467668
70 195 0.196726591123
57 206 -0.0915209024793
58 196 -0.141894458277
173 202 -0.0196580684383
11 198 -0.183856073131
12 200 -0.0128466895823
160 193 -0.0981380840779
198 210 0.0275046985513
127 200 -0.0170719518904
36 198 -0.192411943612
184 199 -0.198114825213
40 204 0.0189650782825
61 202 -0.034206809761
65 196 -0.136179596774
138 207 -0.0313957624548
89 206 -0.126907774974
90 196 -0.216036819976
187 195 0.0393910551757
43 198 -0.219405208115
44 200 -0.0437067576205
47 205 0.0044110868947
67 204 -0.117291267606
68 198 -0.253544293692
141 195 0.115154334703
93 202 -0.0407988697473
170 207 0.00447960255258
116 202 -0.166186006103
117 196 -0.237943549015
9 203 -0.0357381532524
34 197 0.0558966129995
71 200 -0.148335381088
58 207 -0.179778728283
95 198 -0.138473300422
136 194 -0.162807583002
173 195 0.0302601957811
12 199 -0.126066964905
13 207 -0.0213184246964
161 206 0.00363352828069
36 205 -0.0470317669685
184 206 -0.147944818901
185 192 -0.0520014596678
61 195 0.126465134897
139 204 -0.0230817218332
90 207 0.0120188684335
163 194 -0.226306115557
188 202 -0.0743344869914
44 199 -0.0889054964137
47 202 -0.0943312283818
68 205 -0.158023339481
56 194 -0.0995818312244
93 195 0.210222259929
166 204 -0.14662309383
117 205 -0.222469786138
9 204 -0.0677308638006
10 194 -0.110835375344
194 208 -0.788462898806
71 193 -0.158565987227
59 204 0.00244762418914
95 207 -0.0332855390057
136 201 -0.143120725297
83 194 -0.108292841256
13 200 0.0221993462437
161 199 -0.241910047466
37 194 -0.130551682799
185 201 -0.0795624417992
139 197 0.0595776152648
140 205 -0.0707534975206
86 204 -0.180894052116
15 192 -0.174719326095
163 203 -0.142734021534
115 194 -0.139051930555
188 193 -0.0367546050518
189 205 -0.0785923592488
69 194 -0.16601155718
56 201 -0.128337793673
166 199 -0.184653917239
167 207 0.0269345541889
118 204 -0.163676671247
10 205 -0.116032308829
191 197 -0.0723639315567
200 211 -0.535521428817
129 201 -0.0934026750764
59 197 0.0352798873683
60 205 -0.237984475737
80 206 -0.123698169803
83 203 -0.207391469899
104 196 -0.0687643981512
13 193 -0.20128370503
37 203 -0.070417004832
38 203 -0.0504508423869
186 192 -0.163261831794
140 196 -0.0155939159561
86 199 -0.135780002702
87 207 -0.0864093064106
15 201 -0.0512268557845
0 201 -0.184033015654
164 194 -0.0537296428061
111 197 0.0145579903245
115 203 -0.0547217673051
189 198 -0.185919102713
49 201 -0.144440058501
69 203 -0.045915551436
142 196 -0.176777683124
167 196 -0.0499554030816
118 199 -0.0733928226368
119 207 -0.108535264822
191 194 -0.144412602185
35 196 -0.163505793193
129 194 -0.185307461609
60 196 -0.184691566759
80 197 -0.00329142163219
81 201 -0.161993537114
84 194 -0.135548509251
104 203 -0.203966287416
105 195 -0.000262081042158
38 194 0.0223539544943
186 203 0.000863887051564
62 196 -0.0776530801251
140 195 0.0879289001376
87 196 -0.152890500935
108 207 -0.188507501093
0 192 -0.0697080134685
164 201 -0.112666501067
165 197 0.0258366011147
111 194 -0.236932520788
24 198 -0.0268162866789
49 194 -0.0294387737964
142 207 -0.135628062791
143 199 -0.255712797547
94 196 -0.231277864622
119 196 -0.0982592337333
191 203 -0.00315964161127
176 203 -0.1569650473
35 205 -0.0833283219419
130 203 -0.032903404424
60 195 0.155681608002
81 194 -0.0125477583836
154 197 0.0910712984823
84 201 -0.0556915317281
85 197 0.140564270982
105 196 -0.0535463102094
14 195 0.0717516651199
38 197 0.0359224972265
39 201 -0.192331549482
62 207 -0.133535630896
63 199 -0.0317958622949
108 198 -0.0849498764235
0 199 0.007026557003
1 207 -0.172605803991
165 206 -0.141098441934
111 203 -0.122855543207
96 203 -0.159328373954
24 205 -0.0867071103214
25 193 -0.0977874423305
120 193 -0.16955678424
50 203 -0.119063002909
143 204 -0.123833093689
74 197 0.0648453015997
94 207 -0.0151698636272
3 195 0.0368006523897
28 201 -0.0077131389554
176 194 -0.0120413792296
130 194 -0.180187293737
82 203 -0.106174256957
154 204 -0.134463684651
85 206 -0.0967391612578
105 205 -0.0663047358331
106 197 -0.0179801849494
14 202 -0.131346633304
39 198 -0.0560017424164
63 204 -0.0737049798783
109 201 0.00771326436677
1 192 -0.0434101262365
2 206 -0.145026411661
96 194 -0.0828951786448
25 202 0.0330326325036
190 193 -0.0387141334103
120 200 -0.120591253172
50 194 0.00970071758799
128 205 -0.257451044103
74 204 -0.125429898971
3 200 -0.175827175561
152 195 0.0877814408083
28 192 -0.0599756011236
29 206 -0.030562625313
177 205 -0.220453410484
124 204 0.0458887127578
82 194 -0.12368200523
7 204 -0.10579863772
155 207 -0.0410280013792
106 204 -0.194809484897
14 205 0.0369936880783
179 197 0.0278526438815
110 193 -0.258643394808
205 211 -0.61474503822
133 193 -0.220255798535
48 205 -0.0482945256819
72 195 0.11139584479
109 194 -0.0177019122344
2 201 -0.137984428481
97 205 0.0121171302823
26 195 0.133265930606
190 200 -0.120618815808
120 207 -0.160211393843
121 199 -0.186170992771
128 196 -0.115999008229
75 207 -0.0896477885727
4 193 -0.183195162147
152 202 -0.0479521776733
99 197 0.0895870716979
29 199 0.0365812589991
177 198 -0.169401902684
178 204 -0.0384814902584
124 203 -0.115850568746
53 193 -0.0505684608556
7 197 0.159192592853
155 196 -0.0302870926741
156 206 -0.217308176458
107 207 -0.147575610739
179 202 -0.185112820246
180 196 -0.108491904342
110 200 -0.0187247596345
133 202 -0.0663349229222
134 200 -0.136253688097
48 196 -0.044913696221
158 194 0.0181088913268
72 202 -0.0702936165741
2 192 -0.0383921107034
183 206 -0.154142596835
97 198 -0.029714709667
98 204 -0.128866061412
26 202 -0.0528696277187
27 200 -0.200193108024
121 200 -0.024303390491
122 198 -0.137476077666
75 196 -0.0183070346006
76 206 -0.0581109008444
4 200 -0.179120746997
5 198 -0.0473370446331
153 197 0.00363947586788
99 202 -0.117900126397
100 196 -0.0895964463554
29 192 -0.0355344940837
178 199 -0.215164196084
124 194 -0.0993262236854
125 204 0.0284036662852
53 202 -0.0838280908672
54 200 -0.0890557080697
131 199 -0.183382952271
78 194 -0.0886905512069
7 194 0.00285904323744
156 197 0.0100239375669
103 206 -0.0665574995181
107 196 -0.0716186484612
16 202 0.00276147368802
180 195 0.167061164157
19 199 -0.0899992296295
134 195 0.114843041407
158 197 -0.0277865418728
73 197 0.0615696938552
183 199 -0.100332623385
98 199 -0.193217041733
27 193 -0.0789549882768
122 193 -0.16319874978
51 199 0.00415224187194
76 197 0.0671479594017
149 196 -0.00971740096413
5 207 -0.0430090182383
153 206 -0.0328758071589
100 195 0.0371811319095
125 197 -0.0077224672215
54 195 0.0703463046783
131 204 -0.123964458551
132 198 -0.132953888546
78 197 0.0602618370969
157 202 -0.166392783986
103 199 -0.159738627836
16 193 -0.194405690675
180 202 -0.0815338428961
181 196 -0.0956696679478
19 204 -0.0698553490869
20 198 -0.194901933258
135 200 -0.0402051941501
158 204 -0.0196659700913
159 198 -0.0167914965446
73 206 -0.170317440099
23 200 -0.161711389578
27 198 -0.0813865987769
122 200 -0.0987974441938
123 202 -0.00984239343435
51 204 -0.00792211671549
52 198 0.015870568248
146 200 -0.106991081628
77 202 -0.0632854955862
149 205 -0.224358132456
5 200 0.00952187481956
6 206 -0.242916957669
100 202 -0.0871817942602
101 196 -0.141728919506
30 192 -0.191537334487
55 200 -0.129622659532
132 205 -0.217964692611
78 204 -0.148915205762
79 198 -0.0465728145671
157 195 0.153811515428
17 206 -0.123876510106
181 205 -0.0780174245715
112 204 -0.0429686955687
20 205 -0.0493411070421
41 192 -0.0968241647861
135 193 -0.0906970564427
66 200 -0.0428990120577
159 207 -0.0905059441545
147 194 -0.107934676502
23 193 -0.0196398767072
123 195 -0.0238691986094
52 205 -0.0809437267369
146 195 0.0754331576883
77 195 0.0962629426594
150 204 -0.189657592605
6 193 -0.0241529284438
171 201 -0.14509766937
101 205 -0.139195738778
174 198 -0.0601318799389
30 203 -0.151720199783
55 193 -0.130996812156
79 207 -0.0774229239943
17 199 -0.0146122169398
18 207 0.00426050127847
182 204 -0.00648539055242
112 195 0.045142497274
113 203 -0.149274041725
21 194 -0.227963964447
41 201 -0.00765487724874
66 195 0.207368937119
144 206 -0.219511758316
91 201 -0.178125461085
147 203 -0.0913697097819
168 196 -0.114131673544
45 205 -0.15418904069
32 206 -0.141513042852
150 199 -0.0924383004746
151 207 -0.0839155322483
171 206 -0.144359945368
102 204 -0.17580588265
174 201 -0.198703513358
175 197 0.0417304000787
31 192 -0.174111654838
126 198 -0.0833052369214
64 206 -0.106018522812
137 195 -0.0280056153321
88 196 -0.19592255291
162 205 -0.114518420279
18 198 -0.086348462553
182 199 -0.285761603791
113 204 0.00110765042126
21 203 -0.103899754163
22 203 -0.112343188042
42 192 -0.0744274517251
144 197 -0.0050716280954
145 201 -0.0715041607969
91 206 -0.054268709122
148 194 -0.10723122411
168 203 -0.137641368917
169 195 0.0665636166136
45 198 -0.0745915915007
32 197 0.0974064726295
33 201 -0.135847042571
57 195 0.225830040266
151 196 -0.0713645981303
171 199 -0.121166215307
172 207 -0.104964298281
102 199 -0.107954324667
11 203 -0.0523770940375
175 194 -0.0666584781192
31 201 -0.0627776349948
197 209 -0.871121271762
126 201 -0.106173818616
127 197 -0.0845242004777
64 197 0.0351434463123
65 201 -0.106608375534
137 196 -0.131634440407
88 203 -0.0335573635308
89 195 0.111608985258
162 196 -0.195867891289
18 193 -0.0579064491064
113 197 0.0683755576366
114 205 -0.0669937230505
22 194 -0.0621432378998
42 203 -0.185628343414
43 203 -0.133069137318
46 196 -0.0863711455259
67 193 -0.0307702378696
145 194 -0.0168758524208
91 199 -0.100403980767
92 207 -0.109809876546
148 201 -0.0623560575161
169 196 -0.136717075268
116 197 0.120865090031
8 198 -0.0264766713328
33 194 -0.116222968446
70 201 -0.134048222847
57 196 -0.148028965335
172 198 0.0133838979744
11 192 -0.0700738319009
175 203 -0.178035420191
160 203 -0.126840045602
127 194 -0.0119438403629
184 193 -0.167729247676
40 198 -0.0588450722518
65 194 0.0262402415015
137 205 -0.190764283692
138 197 0.0750193802169
89 196 -0.0445775118634
114 196 -0.132717475788
22 197 -0.00791496543073
187 205 -0.217783047857
43 192 -0.0879221166908
46 207 -0.0368670982123
47 199 0.0302825479663
67 198 -0.0404113263833
141 201 -0.144659501997
92 198 -0.186229865893
169 205 -0.0194741447492
170 197 0.0400773543448
116 204 -0.00936166200931
8 205 -0.144689503261
9 193 -0.186758909034
34 203 -0.00171003609696
70 192 -0.111847223293
57 205 -0.0448468893808
58 197 0.141204284209
173 201 -0.0965015058365
12 201 -0.00582161364919
160 194 -0.0630817255343
198 211 -0.516344880747
127 203 -0.113389496709
36 199 -0.111301671097
184 200 0.0277645590178
40 205 0.0121823392557
61 201 -0.0109565827854
138 204 -0.1167117966
89 205 -0.0748377254731
90 197 0.10228959288
187 194 -0.0667557766587
188 204 -0.0928610731149
44 201 -0.0459241539434
47 204 0.00224047529801
67 207 -0.0610961821728
68 199 0.0286299677878
141 194 -0.131091811321
93 201 -0.214724347067
166 202 -0.16089344992
170 204 0.0120088527312
116 203 -0.0784164012502
117 195 0.136881242784
9 202 -0.202450951194
34 194 0.0630579876963
71 203 -0.0307436113341
58 204 -0.115882630573
95 193 -0.145909370228
136 195 0.167831164978
173 194 -0.0102166292127
12 192 -0.147957636398
13 206 -0.0754422252353
161 205 -0.118021143474
36 206 -0.0841562162294
184 207 -0.0463366695602
185 199 -0.223936577769
61 194 -0.127603387421
139 207 -0.0853414123009
86 202 -0.176262481533
90 204 -0.102426361077
163 197 0.000782804037192
188 203 -0.134674991832
44 192 -0.0294057013603
68 206 -0.0589764945897
56 195 0.0864419145512
93 194 -0.165052154561
166 205 -0.152818782861
117 204 -0.160278918648
118 202 -0.115752249662
10 195 0.221622804407
194 209 -0.589109608582
71 192 -0.0790598863252
59 207 -0.0772203411193
95 206 -0.191079977993
80 200 -0.0250595617699
136 202 -0.00197490091523
83 197 0.1800455971
13 199 0.0374836369468
161 198 -0.0317800450841
199 209 -0.643061350373
37 193 -0.14445276706
185 200 -0.04593642725
186 198 -0.0786953822227
139 196 -0.188655327198
140 206 -0.148479778785
86 205 -0.218729970375
15 195 0.0662794801354
163 202 -0.00866752993942
164 196 -0.100775756971
115 197 -0.0174260006754
188 194 -0.0957913426743
189 204 -0.0336046414383
69 193 0.0149947905059
142 194 -0.0203355983644
56 202 -0.0943894286661
166 196 -0.190584957441
167 206 -0.0811330362149
118 205 -0.0485720342476
10 202 -0.13441726107
191 196 -0.0757553366981
129 200 -0.0608768907819
59 196 -0.20541025154
60 206 -0.0906532866653
80 207 -0.119465851226
83 202 -0.140305695946
84 196 -0.181631247715
104 197 -0.0812061863783
13 192 -0.0683142528745
37 202 -0.0435406165801
38 200 -0.0598080096014
186 193 -0.0557006195487
62 194 -0.128794700212
140 197 0.0344184308159
86 196 -0.112685646373
87 206 -0.154141670085
15 200 -0.0732939138959
0 202 -0.176202396667
164 195 -0.0199375949366
111 196 -0.196866369249
115 202 -0.123899357282
24 192 -0.0778241546476
189 197 -0.0594774418575
49 200 -0.0233345979184
69 202 -0.12337675324
142 197 -0.00536266696704
94 194 -0.113854829021
167 199 -0.0944507679159
118 196 -0.0564556213128
119 206 -0.0505940020155
191 205 -0.0339757981922
35 199 0.0334042783443
201 211 -0.392568154773
129 193 -0.18283557848
60 197 0.0579649014693
80 198 -0.181763893503
81 200 -0.210745781678
84 195 0.202859982941
104 204 -0.0200119338
105 194 -0.0997554654796
38 195 0.269672210599
186 200 -0.152294618521
62 197 0.171283681176
87 199 -0.159993290137
108 200 -0.110170356165
0 193 -0.0608737000559
164 202 -0.082062443086
165 196 -0.0578003418441
111 205 -0.273709727673
24 199 -0.0237966341905
49 193 -0.110806597274
142 204 -0.119064943519
143 198 -0.183077778193
94 197 0.16894735133
119 199 -0.179983294866
191 202 -0.154086409136
176 204 -0.0940550204163
35 204 -0.0226516049665
130 200 -0.058865117105
81 193 -0.0771003914724
154 194 -0.173526659978
84 202 -0.172226298215
85 196 -0.0241165659771
105 203 -0.155732012851
14 192 -0.11499434347
39 200 -0.0222462846046
62 204 -0.00734885568471
63 198 -0.130579704849
108 199 -0.147411314423
109 207 -0.121262326578
1 206 -0.137705388892
165 205 -0.223804633785
111 202 -0.139735741616
96 204 -0.00988153688405
24 206 -0.185134667528
25 192 -0.200464099789
120 194 0.00933922889887
50 200 -0.00221699221664
143 207 -0.0111941850586
74 194 -0.0419053713369
94 204 -0.0236314705755
3 194 -0.145109094884
28 202 -0.14649855262
176 195 0.130182252014
177 203 -0.195252636466
130 195 0.069240921251
82 200 -0.0777501288886
154 205 -0.0605897739768
155 201 -0.0915340677601
85 205 -0.191088749434
105 204 -0.108898345695
106 194 -0.0608654581884
14 203 -0.0668409883586
192 209 -0.43820645382
39 193 -0.194420397726
133 199 -0.189747281149
63 207 0.00949541003402
109 200 -0.188511225049
1 199 -0.0412785888134
2 207 -0.102559663816
96 195 0.087824444217
97 203 -0.127520971437
25 201 -0.0689322358908
190 198 -0.210647665155
120 201 -0.0198606788508
50 195 0.225556711446
128 206 -0.0331963936084
74 205 -0.126015281094
75 201 -0.0280709389602
3 203 -0.0678515704677
152 196 -0.112484054115
28 193 -0.196779305855
29 205 0.0435014045638
177 204 -0.196214294353
124 205 -0.164014079613
192 211 -0.422288687674
53 199 -0.0581628029815
82 195 0.232187522291
7 207 -0.0965025632207
155 206 0.00100019131714
106 205 -0.1465445809
107 201 -0.179848157026
179 196 -0.0517903459663
110 198 -0.101124069256
205 210 -0.745075052286
133 192 -0.168064865046
48 206 -0.109825385779
72 196 -0.147303935898
109 193 -0.0645909812471
2 198 -0.0371714862575
97 204 -0.119104297123
26 192 -0.0944412919213
190 201 -0.0584926607511
121 198 0.0153782837574
128 197 0.0726566202053
75 206 -0.175176968588
207 211 -0.402871509116
4 194 -0.10809579213
152 203 -0.0539065957886
153 195 0.0497604911748
99 196 -0.152192347673
29 198 -0.035077693517
177 197 0.00497914265471
178 205 0.0104059973736
124 196 0.0488400659137
53 192 -0.0987576592111
131 193 -0.239777559008
7 196 -0.0779635161274
155 199 -0.196602751251
156 207 -0.0165220239877
107 206 -0.0641905531055
179 205 -0.118318299648
180 197 0.0124668294052
110 201 -0.042296177474
19 193 -0.0603827901977
133 201 -0.0884047422807
134 201 -0.125306661606
48 197 -0.00527418576038
158 195 0.0469951091264
72 203 -0.135043960951
73 195 0.0502134261036
2 193 -0.143839820391
183 201 -0.0237892953048
97 197 0.130872528384
98 205 -0.179604217111
26 203 -0.0897633233158
27 203 -0.0732326181744
121 207 -0.0894717346476
122 199 -0.17016474856
51 193 -0.217711224954
75 199 0.00854598173732
76 207 -0.155798747263
4 201 -0.0298915463634
5 197 0.024296917006
153 196 -0.0836931614298
99 205 -0.169831119141
100 197 0.0950443603969
178 196 -0.0127790102734
124 195 0.116819930086
125 203 -0.154584909823
53 201 0.00117762533549
54 201 -0.0450580051559
131 198 0.00529667634488
78 195 0.112466233178
156 198 -0.086423807683
103 201 -0.0768673187996
107 199 -0.129033304145
16 203 -0.00451488996437
180 204 -0.141922814818
19 198 -0.106293131401
134 192 -0.0841417467194
158 202 -0.00127847405248
73 196 0.00283245197243
183 198 -0.100154832963
98 196 -0.00764705914089
27 192 -0.121110910466
122 206 0.0285991882037
51 198 -0.0544766969863
146 206 -0.0552053116057
76 198 -0.144680396328
149 195 -0.0547478966904
5 206 -0.0576926450721
153 205 -0.119930429233
100 204 0.0375083653117
125 196 -0.00857210978291
54 192 -0.277124900354
131 207 -0.087959467546
132 199 -0.0381470733876
78 202 -0.0343719057345
157 201 -0.0894147650122
103 198 -0.0463625568261
16 194 -0.0632486024847
180 203 -0.211395848356
181 195 0.0893492302219
19 207 0.0264067563653
20 199 0.0468311792853
135 203 -0.162820173756
66 206 -0.124829354622
158 205 -0.0363808711492
159 193 -0.0344728239724
73 205 0.00499085718508
23 203 -0.0319762294761
122 201 -0.0950305984795
123 205 -0.0406165126305
51 207 -0.0192999649951
52 199 -0.0305460655058
146 201 -0.0106298735991
77 201 -0.144600363268
149 204 -0.164877983036
150 202 -0.162005843269
6 207 -0.131109623938
100 203 -0.0358574005905
101 195 0.0924053584254
30 193 -0.142204517756
55 203 0.000992016846465
132 206 -0.0609837314054
78 205 -0.109324698775
79 193 -0.0758750637174
157 194 -0.0868832919824
17 205 0.0335723391927
181 204 -0.131959721136
182 202 0.0337859263716
112 205 -0.196789466322
20 206 -0.120016574282
41 199 -0.0640287234356
135 192 -0.178422026708
66 201 -0.197952223443
159 206 -0.170388593784
144 200 -0.227911762984
147 197 0.110939197506
23 192 -0.0823221018331
123 194 0.00222852888171
32 200 -0.0148118236775
52 206 -0.117096632127
146 192 -0.105064666581
77 194 -0.119773359713
150 205 -0.10152579371
6 198 -0.161369948347
171 200 -0.0390928842876
101 204 -0.0618861737128
102 202 -0.0458446008712
174 199 -0.0037679310611
30 200 -0.126015609957
196 208 -0.0552118348104
55 192 -0.104141401562
79 206 -0.0398718957576
64 200 0.0284858475138
17 198 -0.0599029438994
18 204 -0.186519873709
182 205 -0.12635220852
112 196 -0.0547866190871
113 202 -0.142048915561
21 193 -0.107324849937
41 200 -0.000446458820643
42 198 -0.095777609935
66 192 -0.0899718894842
144 207 -0.116255148033
91 200 -0.132473187643
147 202 -0.156924990498
148 196 -0.0178398350617
168 197 -0.0619452370471
45 204 -0.0520573610715
32 207 -0.113618548154
150 196 -0.185962231597
151 206 -0.00719272764862
171 193 -0.107372591647
102 205 -0.121518886245
174 206 -0.0972019084414
175 196 -0.0586448641072
31 195 0.10578947758
126 199 -0.116268814339
64 207 -0.151682687275
137 194 -0.0858613993561
88 197 0.131778364215
162 202 -0.147389929016
18 199 -0.0881543126367
182 196 -0.0355288847887
113 195 0.17424352201
21 202 -0.0342066626517
22 200 -0.162182107011
42 193 -0.00841358121426
46 194 -0.17267612912
144 198 -0.125983748362
145 200 -0.0554646968825
91 193 -0.137140593486
148 195 0.0166449749278
168 204 -0.112607108887
169 194 0.0390995056718
8 192 -0.180442830964
45 197 0.11631660421
32 198 -0.103370923649
33 200 -0.162591177396
57 194 -0.148533149797
151 199 -0.114959850007
171 198 -0.105994437321
172 200 -0.185543570201
102 196 -0.0660153151418
11 202 -0.101083131907
175 205 -0.240361564194
31 200 0.0110889172837
197 208 -1.10571416977
126 206 0.00371041347404
127 196 -0.147330734643
40 192 -0.17619613925
64 198 -0.0160511592273
65 200 -0.0186178960563
137 203 -0.00826171729721
88 204 0.00574536784986
89 194 -0.0854295668753
162 197 0.131256458321
113 196 -0.0519959231866
114 202 -0.162491688529
22 195 0.0751481774015
42 200 -0.0805728337957
43 202 -0.0849302990788
46 197 0.0356627248781
67 192 -0.149066503668
141 207 -0.0250014815685
145 193 -0.0696840407138
91 198 -0.0669641355482
92 200 0.00956300087706
148 202 0.00551895604802
169 203 -0.124953103059
116 198 -0.0783653782689
8 199 -0.0201909023881
195 209 -0.831401089159
33 193 -0.0668682336255
70 206 -0.228551633666
57 203 -0.0846651405541
172 199 -0.129442792744
173 207 -0.0575840000751
11 195 0.218216547708
175 202 -0.0668956881389
160 204 -0.0582981829159
127 205 -0.248584082836
184 194 -0.0698234116449
40 199 -0.120164796207
61 207 -0.0284671956878
65 193 -0.128905985439
137 204 -0.17990457878
138 194 -0.108718547299
89 203 -0.177636420799
114 197 0.0790244185868
187 204 0.0149667682437
43 195 0.197707910315
46 204 -0.0398711112811
47 198 -0.153448092778
67 201 -0.0461764993739
141 200 -0.0605026683208
92 199 -0.15330125007
93 207 -0.0691792433967
169 204 -0.0249589250254
170 194 -0.037546498538
116 205 -0.159351399359
8 206 -0.129457013496
9 192 -0.1925893137
34 200 -0.0589045126106
70 193 -0.079096435631
71 205 -0.0744388842385
57 204 -0.0612985797655
58 194 -0.0939651168568
173 200 -0.00756089337515
12 202 -0.145967180461
160 195 0.10098234683
161 203 -0.0240371709923
198 208 -0.282721736115
127 202 -0.130743630856
36 192 -0.0916160478114
184 201 -0.0738555299522
40 206 -0.127879342032
61 200 -0.12115205828
138 205 -0.145044677228
139 201 -0.182441986648
89 204 -0.0438327272253
90 194 -0.135940471788
187 197 0.0560160356804
188 205 -0.173806715336
44 202 -0.205938243966
47 207 0.0437900985934
67 206 -0.0860305910611
68 192 -0.203106440093
141 193 -0.0779288321742
93 200 -0.200859138914
166 203 -0.00883852245072
170 205 -0.156601467007
117 194 -0.0825727538135
9 201 -0.177221760126
34 195 0.24457240154
71 202 -0.137555942666
58 205 -0.0585972472292
59 201 -0.144927379232
95 192 -0.19244004511
136 196 -0.0496914361905
173 193 -0.092442094892
12 193 -0.00226993631072
13 205 0.0306256146889
161 204 0.0102757375986
36 207 -0.00275204636587
37 199 -0.0716076772109
185 198 -0.141823665143
61 193 -0.122506609953
139 206 -0.0865610910494
86 203 -0.117458833006
90 205 -0.23327340224
15 197 0.00299821764448
163 196 -0.0218635108776
188 196 -0.159307477272
44 193 -0.0864161047127
68 207 -0.131325013282
69 199 -0.141379502624
56 196 -0.0666511101991
93 193 -0.0140991870259
166 194 -0.0414909443833
117 203 -0.17260663753
118 203 -0.152726335453
10 192 -0.109085149226
71 195 0.0972738362955
59 206 -0.147171608843
95 201 -0.192988797769
80 201 -0.169094954625
136 203 -0.093378603407
83 196 -0.156520106559
13 198 -0.118030092177
161 197 -0.0615499523058
199 208 -0.977578349801
37 192 0.0116531317741
185 207 0.0152992233543
186 199 -0.0435015569105
139 199 -0.212137317605
140 207 -0.140942327303
86 194 -0.0538368814441
15 194 -0.224259870062
163 205 -0.227367999248
164 197 0.00894207664262
115 196 -0.0950372565819
188 195 0.115418299259
189 203 -0.1283412363
69 192 -0.125376651378
142 195 0.122346290229
56 203 -0.11584572982
166 197 -0.0218134374083
167 201 -0.0343524159331
118 194 -0.0940897615647
10 203 -0.0873133860942
191 199 -0.198116036174
35 193 -0.174114358281
129 207 -0.183702277112
59 199 0.0118830110129
60 207 -0.0820312647641
80 192 -0.060161327824
83 205 -0.134558193454
84 197 0.0142164825983
104 198 -0.0963014952488
37 201 -0.158784339861
38 201 -0.0478340765673
186 206 -0.152255247676
62 195 0.0887040432398
140 198 -0.192377959288
86 197 -0.00259377218994
87 201 -0.224000973202
15 203 -0.0168178822712
0 203 -0.148732146166
164 204 -0.15490753936
111 199 -0.205583090207
115 205 -0.0348363101136
24 193 -0.182247831779
189 196 -0.242413923193
49 207 0.0184697305631
69 201 -0.0739630507201
142 202 -0.0350605226986
94 195 0.186841980005
167 198 -0.0811424096059
118 197 0.0339250702157
119 201 -0.10146736976
191 204 -0.0615977817104
35 198 -0.0142155773008
201 210 0.0970305829513
129 192 -0.231901304729
130 206 -0.119141803362
60 198 -0.130463854911
80 199 -0.0279585614042
81 207 -0.122995443031
84 204 -0.0526058522328
104 205 -0.0788911138297
105 193 -0.253293525268
38 192 -0.0652764754592
186 201 -0.116034763441
62 202 -0.142610998435
87 198 -0.189082550247
108 201 -0.0745623734191
0 194 -0.102731547312
164 203 -0.0288906618357
165 195 0.080808319782
111 204 -0.0448497710547
24 200 -0.146862845752
49 192 -0.0315316359261
50 206 -0.111382176878
142 205 -0.0506324702703
143 193 -0.029297818861
94 202 -0.0840965182207
119 198 -0.22754032797
28 204 0.0461750918495
176 205 -0.164403344097
35 207 -0.0197667494126
130 201 -0.167585287438
81 192 -0.156499104034
82 206 -0.120249775181
154 195 0.170645130373
84 203 -0.116823742551
85 195 0.0432847017647
105 202 -0.0578323699765
14 193 -0.0392353450291
192 208 -0.0839510718953
39 203 -0.0430747954381
62 205 -0.034149302455
63 193 -0.180601855466
108 192 -0.168411121351
109 206 -0.0517986803714
1 205 0.0447781979865
165 204 -0.066229607269
96 205 -0.137116239794
24 207 -0.0972182779159
25 199 -0.0531596856696
120 195 0.0980320117641
50 201 -0.0976580177233
143 206 -0.144299808627
128 200 -0.0339175455193
74 195 0.103175713492
94 205 -0.179106327983
3 197 0.0768356691521
28 203 -0.103753640496
176 196 -0.139003982241
177 202 -0.176247663152
202 210 0.0329793362088
130 192 -0.0752496388731
82 201 -0.161672055286
154 202 -0.0694457816452
155 200 -0.000175316410686
85 204 -0.124571693111
106 195 -0.00957470055552
14 200 -0.132048044207
39 192 -0.0677830615334
133 198 -0.0917831366693
63 206 -0.13604849368
48 200 -0.0488270947062
109 199 -0.203846659929
1 198 -0.0603941042122
2 204 -0.111216747788
96 196 -0.0351923894708
97 202 -0.0309242627471
25 200 -0.114824834594
26 198 -0.146844681334
190 199 -0.0931761141907
120 202 0.00819894190187
50 192 -0.00714030033691
128 207 -0.160700029975
74 202 -0.142414901196
75 200 -0.0441307423982
207 208 -0.38520370545
3 202 -0.19732046561
4 196 -0.154918477589
152 197 0.0231077586013
28 194 0.0698382775151
29 204 -0.00668161607136
177 195 0.165718472536
124 206 0.00895790326375
53 198 -0.167739361892
82 192 -0.161551271689
7 206 -0.182210216875
155 193 -0.151522157872
106 202 -0.183414488625
107 200 -0.0315774746545
179 199 -0.229580746256
110 199 -0.132081592054
205 209 -0.124021061423
133 207 -0.121617580118
48 207 -0.0657435350982
72 197 0.121509987245
109 192 -0.0680710535317
2 199 -0.0659536024097
97 195 0.0653598247366
26 193 -0.164925747602
190 206 -0.0919328254352
121 197 0.0602574337829
128 198 -0.017862293206
75 193 -0.129001756792
4 195 0.118287346742
152 204 -0.0761380443261
153 194 -0.154550230014
99 199 -0.0654944002205
29 197 0.0760476159925
177 196 -0.108799188938
178 202 -0.112433528864
124 197 0.0799990800465
53 207 -0.0257316005726
131 192 -0.0161901024424
7 199 0.0273243709645
155 198 -0.0663076732194
156 200 -0.0587472913829
107 193 -0.250747530956
179 204 -0.121207590395
180 198 -0.101229464607
110 206 0.0373710500477
19 192 -0.0740144959083
133 200 -0.0926701206973
134 206 0.0360969619164
48 198 -0.134111410775
158 192 0.0213708306055
72 204 -0.156565424337
73 194 0.0341688611283
183 200 -0.0639436000418
97 196 -0.0755140842568
98 202 0.00317898823815
26 200 -0.15366990477
27 202 -0.0298525424045
121 206 -0.14901541067
122 196 -0.137395449001
51 192 -0.101405884738
75 198 -0.0846794662703
76 200 -0.152566348616
4 202 -0.0383697241633
5 196 -0.193486174893
153 203 -0.0770845493923
99 204 -0.100887038283
100 198 -0.0588079272092
178 197 0.0423417164391
125 202 -0.122239589291
53 200 0.0435006334158
54 206 -0.150775579541
131 201 -0.0869141630505
78 192 -0.0998029962581
156 199 -0.17263940904
157 207 -0.0108649967363
103 200 -0.111296374086
107 198 -0.0650032324129
16 204 0.0292862595879
180 205 -0.0863779899517
19 201 -0.193924095126
134 193 -0.168828037551
135 205 -0.219056312024
158 203 -0.114573954764
206 211 -0.258353113355
73 203 -0.0722266003716
183 193 -0.0146008293761
98 197 0.0748914031712
23 205 -0.0145343290747
27 195 0.11618209563
122 207 -0.150729256995
51 201 -0.146598056743
146 207 -0.0806648823958
76 199 0.0254935443836
77 207 -0.140122201367
149 194 0.00830030005118
5 205 -0.0154001116453
153 204 -0.0422913913755
100 205 -0.187180886747
125 195 -0.00273340566597
54 193 -0.10622453026
55 205 -0.183431504134
131 206 -0.155622393978
132 192 -0.132931991647
78 203 -0.156720303283
157 200 -0.000858410097264
103 193 -0.27100420763
16 195 0.23013253525
17 203 -0.123791052033
181 194 -0.0375533036058
19 206 -0.207648160567
20 192 -0.12127462342
135 202 -0.062307840061
66 207 -0.170008795838
159 192 -0.154250228689
73 204 -0.131988958669
23 202 -0.126950842049
123 204 -0.0270036382443
51 206 -0.079090616617
52 192 -0.0791391840635
146 198 -0.166990365808
77 200 0.0284557747005
149 203 -0.0317066590075
150 203 -0.147454333853
6 204 -0.172413368714
101 194 -0.0439004286042
30 198 -0.20441007933
55 202 -0.172034886141
132 207 -0.137153223503
79 192 -0.0792884658384
157 193 -0.0233148012362
17 204 -0.0573388318333
181 203 -0.143267521822
182 203 -0.0565455281806
112 206 -0.19631447731
20 207 -0.0689273213021
21 199 0.0265313929737
41 198 -0.0650473290661
135 195 0.128994466117
66 198 -0.166497117493
159 201 -0.10213886896
144 201 -0.0834097784922
147 196 -0.141372658421
23 195 0.139893311875
123 197 -0.0444402038181
32 201 0.0117658379061
52 207 -0.122629879909
206 208 -0.0568919756628
146 193 -0.0770277090137
77 193 -0.107796783873
150 194 -0.0847782733631
6 199 -0.197366514941
171 203 -0.0685048705114
101 203 -0.135975176971
102 203 -0.246865158919
174 196 -0.182537329514
30 201 -0.0948123421782
31 197 0.0910507786853
196 209 -0.339366337126
55 195 0.125537476207
79 201 -0.100712539749
64 201 -0.0232374768423
17 197 0.0713264467524
18 205 -0.0829977899843
182 194 -0.0801105423573
112 197 -0.0130204415122
113 201 -0.0526402092254
21 192 -0.125465742849
41 207 -0.0711911491887
42 199 0.0260946858281
66 193 -0.111360909166
144 192 -0.155256767575
91 203 -0.168147493923
147 205 0.000477098602761
148 197 0.12272175702
168 198 -0.120523406941
45 203 -0.152558141955
32 192 -0.203828069232
150 197 -0.0136868448092
151 201 -0.0230882896442
171 192 -0.178962488507
102 194 -0.088040159339
174 207 -0.206302437668
175 199 -0.179239364871
31 194 -0.0493760835295
126 196 -0.178813901778
64 192 -0.034594116735
137 193 -0.0799281869423
88 198 -0.196761513563
162 203 -0.0233155388807
18 196 -0.0596932670297
182 197 0.0102867096717
113 194 -0.053891355652
21 201 -0.128452852449
22 201 -0.0792917450447
42 206 -0.0707215712963
46 195 0.215225696215
144 199 -0.023411380109
145 207 -0.00154564301469
91 192 -0.0603635095877
148 204 -0.0422291269418
168 205 -0.0802433747292
169 193 -0.139900388164
8 193 -0.137806842793
45 196 -0.191799646856
32 199 0.0452657650497
33 207 -0.103449603989
57 193 -0.157881353973
151 198 0.0209747220227
172 201 -0.0963054590792
102 197 0.0441358136216
11 205 -0.109875739776
175 204 -0.117604537086
31 203 -0.101617626676
126 207 -0.11801384986
127 199 -0.242106550272
40 193 -0.087358536955
64 199 -0.138051594923
65 207 -0.122269895689
137 202 -0.113462506305
88 205 -0.151638998446
89 193 -0.111208651968
162 194 -0.189039468895
114 203 -0.0333037142203
22 192 -0.0581571303678
42 201 -0.105048164169
43 205 -0.0598821286868
46 202 -0.0416037324783
67 195 0.0893863151782
141 206 -0.163077347014
145 192 -0.106628704212
92 201 -0.0168305443378
148 203 -0.121923202481
169 202 -0.0918637319802
116 199 -0.20322800654
8 200 -0.161905379468
195 208 -1.05417879727
33 192 -0.212155278941
34 206 -0.101281554121
70 207 -0.0259170588414
57 202 -0.211433821004
172 192 -0.177603204621
173 206 -0.0668464623827
11 194 0.0348811896927
12 204 0.0111964701912
160 205 -0.214746504103
127 204 -0.0850364526109
184 195 0.157035209856
40 200 0.0247047871208
61 206 -0.172403696019
65 192 -0.00868584483068
138 195 -0.00341590593846
89 202 -0.178436186791
114 194 -0.234101601196
187 207 -0.0546872846074
43 194 -0.00307924329888
44 204 -0.0280829259329
46 205 -0.0501444073437
47 193 -0.0719358774389
67 200 -0.147273816366
141 199 -0.134170494675
92 192 -0.182055013289
93 206 -0.156751910546
170 195 0.0826465599719
116 206 -0.0284276692007
8 207 -0.0600132174477
9 199 -0.0407542263583
34 201 -0.0413149760386
70 198 -0.141847667555
71 204 -0.0274896651293
58 195 0.158707060869
173 199 -0.237793591109
12 203 -0.0258503333732
160 196 0.0254046466786
161 202 -0.0607648392758
198 209 -0.314593468927
36 193 -0.184762190711
184 202 0.0175245936833
40 207 -0.0926185230834
61 199 0.0358910008095
138 202 -0.0311512717388
139 200 -0.150599998939
90 195 0.154319152392
187 196 -0.0611576136696
188 206 -0.116692373978
44 203 -0.149091335477
47 206 -0.242185125512
68 193 -0.0265229405106
141 192 -0.0843854464136
93 199 -0.14299784128
166 200 -0.0600580046685
170 202 -0.0278043445053
117 193 -0.126910279439
9 200 -0.0862124224399
10 198 -0.0743459734826
34 192 -0.119524134013
71 197 -0.00693212132006
58 202 -0.0982660001769
59 200 -0.116980391674
95 195 0.193444501964
136 197 0.117445073352
173 192 -0.195934203824
12 194 -0.247129561012
13 204 -0.0687537588347
161 195 0.0689677365037
36 200 -0.147588441585
37 198 -0.0249755035362
185 197 -0.0639770856164
61 192 -0.114879733448
139 193 -0.165640210671
86 200 -0.211608784718
90 202 -0.14854821084
15 196 -0.0929142256534
163 199 -0.0707167269463
188 197 0.0828481471096
44 194 -0.0260130385053
68 200 0.0368188694238
69 198 -0.119270041367
56 197 0.0734366323975
93 192 -0.240949194406
166 195 0.0555319270591
117 202 -0.095708000941
118 200 -0.0590825859217
10 193 -0.0970313639968
71 194 0.0394912908075
59 193 -0.157265180293
95 200 0.00551834926834
80 202 -0.0573457568596
136 204 -0.162040210543
83 199 0.0183088893032
104 192 -0.137664129612
13 197 -0.00931238770428
161 196 -0.0844322834497
199 211 -0.735380376034
37 207 -0.1413619736
185 206 -0.104692482426
186 196 -0.04313119954
139 198 -0.0275207642872
140 200 -0.123140656227
86 195 0.0874610834875
15 205 -0.0752615534689
163 204 -0.0560009523895
164 198 -0.0647367909355
115 199 -0.0925635829598
189 202 -0.135224732024
69 207 -0.083567323674
142 192 -0.127363409166
56 204 -0.142888916761
167 200 0.0135958831008
118 195 0.0545398200464
10 200 -0.00895668195441
191 198 -0.1345333551
35 192 -0.126839700565
129 206 -0.115743329358
59 198 -0.0484515947433
60 200 -0.161020459688
80 193 -0.145175677245
83 204 -0.1325764126
84 198 -0.0838463048577
104 199 -0.0893326937637
37 200 -0.0589584883335
38 206 -0.200923629918
186 207 -0.0733562928506
62 192 -0.0637593882331
140 199 -0.177843331352
87 200 -0.154581397046
15 202 -0.170555883352
0 204 -0.148406899356
164 205 -0.134894659289
111 198 -0.0978293430831
115 204 -0.0881275386038
24 194 -0.161672246215
189 195 0.0166794922173
49 206 -0.0490387613112
69 200 -0.128291609183
142 203 -0.00724487840666
94 192 -0.0273063039165
167 193 -0.241866953098
119 200 -0.137853820531
191 207 -0.0768134084253
35 201 -0.024992780379
201 209 -0.355925939946
129 199 -0.197905060835
130 207 -0.15277359154
60 199 -0.0165710175966
81 206 -0.0864131667646
84 205 -0.183725209241
104 206 -0.0352079577854
105 192 -0.229540884263
38 193 -0.0331813866515
39 205 -0.147022527971
62 203 -0.166531022994
87 193 -0.196096813936
108 202 -0.170202003314
0 195 0.133494551255
1 203 -0.0509013594858
165 194 -0.205204891534
111 207 -0.152764880246
24 201 -0.094310514035
49 199 0.0809826321539
50 207 0.0321317364732
143 192 -0.0886290092625
94 203 -0.172185527591
119 193 -0.110692475412
28 205 -0.0307821843407
176 206 -0.102279410345
35 206 -0.109418675404
130 198 -0.0116371818725
81 199 -0.0802946184158
82 207 -0.0871914164761
154 192 -0.0674079624256
85 194 -0.038828431686
105 201 -0.148346191693
14 198 -0.149188815217
39 202 -0.143730305998
204 208 -0.574294311629
63 192 -0.0499624423742
108 193 -0.22830547442
109 205 -0.263071694392
1 204 -0.0561709369308
165 203 -0.153667915764
96 206 -0.138158028225
25 198 -0.0835149767434
120 196 -0.00267418176939
50 198 -0.0294239207994
143 201 -0.163832445539
128 201 -0.124982966519
74 192 -0.162323123395
207 209 -0.213451607655
3 196 -0.216560383568
28 196 -0.0848418521558
176 197 0.0346877851345
177 201 -0.0847835881119
202 211 -0.369119878363
130 193 -0.0725181411866
82 198 -0.200501963954
154 203 -0.185214813118
155 203 -0.0232994150199
85 203 -0.116194704001
106 192 -0.20430625318
14 201 -0.0925315026137
179 193 -0.211879757613
39 195 0.200395953335
133 197 0.0999978427244
63 201 -0.0409451208516
48 201 -0.00876594703949
109 198 -0.0658979937925
1 197 -0.00806059416161
2 205 0.0751502846129
96 197 -0.00201100074624
97 201 -0.115544051435
25 207 -0.146571942633
26 199 -0.0579413195027
190 196 -0.0570009965063
120 203 -0.111513711221
121 195 0.0294286859055
50 193 -0.166295014739
128 192 -0.00137679828606
74 203 -0.0480322680196
75 203 -0.0483912052704
3 205 -0.0133019983034
4 197 0.0279807730086
152 198 -0.0416948907574
99 193 -0.227817693652
28 195 0.126613097853
29 203 -0.15608445431
177 194 -0.0839652742536
124 207 -0.0272394284825
53 197 0.0767283243471
82 193 -0.173955201964
7 201 -0.111717097865
155 192 -0.0151006770161
106 203 -0.227262137725
107 203 -0.164098681966
179 198 -0.00281762258592
110 196 -0.156023868197
205 208 -0.715052945954
133 206 -0.0490033014725
48 192 -0.0750380640537
72 198 -0.0186189885772
2 196 -0.0736796172007
97 194 -0.0403851443451
26 206 -0.210493654697
190 207 -0.137710009165
121 196 0.0311687614268
128 199 -0.174225657727
75 192 -0.128765401798
4 204 -0.0546081686064
152 205 -0.181400645619
153 193 -0.0667728281911
99 198 -0.188894050703
29 196 -0.155958778566
178 203 -0.175539610273
124 198 -0.105273051594
53 206 -0.0961025839513
203 209 -0.299064306211
131 195 0.0539499240692
7 198 -0.189922295014
156 201 -0.141168809417
107 192 -0.119345045556
179 207 -0.142714009795
180 199 -0.0800347592954
110 207 -0.108640204051
19 195 0.17521998654
134 207 -0.14763655695
48 199 -0.0239979697706
